RSObjects.OakTree.Setup(12,
    [ //Varrock west
     [8065, 2763], [8065, 2766], [8069, 2763], [8069, 2766], [8041, 2775], [8041, 2778],
     [8045, 2775], [8045, 2778], [8056, 2794], [8059, 2794], [8056, 2798], [8059, 2798],
      //Varrock sawmill
     [8554, 2468], [8558, 2468], [8554, 2472], [8558, 2472], [8548, 2487], [8552, 2487],
     [8548, 2491], [8552, 2491], [8568, 2487], [8572, 2487], [8568, 2491], [8572, 2491],
     [8563, 2502], [8567, 2502], [8563, 2506], [8567, 2506], [8523, 2538], [8527, 2538],
     [8523, 2542], [8527, 2542], [8498, 2523], [8502, 2523], [8498, 2527], [8502, 2527],
     [8478, 2540], [8482, 2540], [8478, 2544], [8482, 2544], [8462, 2543], [8466, 2543],
     [8462, 2547], [8466, 2547], [8498, 2563], [8502, 2563], [8498, 2567], [8502, 2567],
     [8597, 2576], [8601, 2576], [8597, 2580], [8601, 2580], [8678, 2458], [8682, 2458],
     [8678, 2462], [8682, 2462]
    ]);
  

------------
